.Random.seed <-
c(10403L, 10L, 720695422L, -2741495L, -1984402117L, -185810678L, 
1739952364L, 1362976111L, -379772251L, 1190255708L, 95943730L, 
688413485L, -1731304985L, 1614077198L, 1208660712L, -700023573L, 
555890057L, 1258489112L, 1927063622L, -761605983L, -1818273997L, 
-1806907742L, -1632979564L, 155835415L, 2017348621L, 2032879908L, 
278652170L, -91782027L, 384413647L, 1734340822L, -1336029056L, 
319000259L, 982112353L, -1913739056L, -722738642L, 1103930329L, 
-1690719253L, -1417246118L, -1315357668L, 1855883551L, 717625717L, 
-291366900L, -2046672414L, -1208427843L, 1185985847L, -850740770L, 
1646550808L, 1958491771L, 199373849L, -1836735320L, 544857686L, 
-1362314543L, -1369539965L, -1194634990L, -909847388L, 826737767L, 
-92041795L, 1810845492L, -933712742L, -397978907L, -865276801L, 
-1253759482L, 220737936L, -689755085L, 1446405073L, -996103808L, 
1868743774L, -1627712599L, 335661659L, -325390742L, 1105203980L, 
811545935L, 1476161029L, 601838780L, 147309970L, -518414707L, 
1675703495L, 2005864878L, 1072888840L, -1420021749L, -301349655L, 
1587422136L, 841706598L, -609219327L, 251988883L, 40373314L, 
-950799372L, 802078199L, 2086904301L, -1835920764L, -237845334L, 
1018851861L, -1545761105L, -78173002L, 268294880L, 1960543779L, 
-253294271L, 1317196848L, 1536495182L, -36447559L, 713785035L, 
-310581382L, -28946820L, -1361163585L, -550999147L, -963802196L, 
-1756716670L, 1209526109L, 1847085655L, -685686466L, 421183864L, 
-116983205L, 873418169L, -1762758648L, -1088073034L, -1621087759L, 
-155049949L, -105422734L, 1168147140L, 1737700487L, -927627171L, 
2000440916L, 459943034L, -484657211L, 107903263L, -1052673882L, 
317102640L, 1496326355L, -724848911L, 1700072992L, -162957122L, 
1666866377L, -1851517317L, 2008224842L, -1398244180L, 218049455L, 
-715305115L, 1406346524L, 1339256178L, 683271661L, -1040651737L, 
117918286L, -2120413528L, 579519659L, -877959735L, -1567905320L, 
-1840840570L, -1079505567L, 440598771L, 1849208674L, -308622892L, 
-1296925481L, -1355989299L, 1226208868L, 74347594L, 581058997L, 
1727974671L, 663890454L, -2041617216L, -1077222781L, 979758753L, 
1852792976L, 397331310L, -1124756199L, -1738807893L, -957799526L, 
2031024988L, -1823040929L, 1542505013L, 324176332L, -1342111454L, 
141804413L, -2108137353L, -1672223330L, 954719320L, 550537659L, 
298143577L, -1519866648L, 1629091094L, 199468689L, -2121209021L, 
-930073006L, 409901284L, -420000985L, 2029961085L, -663907724L, 
-729052070L, 1685165221L, 600485567L, -1814833850L, 909728720L, 
666957299L, -1561657071L, -814346944L, 581192990L, -1096517143L, 
-810403045L, 460891434L, -603718068L, -1671345649L, 1042648389L, 
-1725116676L, 324674898L, 2041400013L, -407248249L, 304358766L, 
-1906254008L, -1711674549L, -680865111L, 317888504L, 1467660070L, 
1502767169L, -700937773L, 1583833986L, 257886132L, 1380851511L, 
564917805L, 144885572L, -333859734L, -725684523L, 1992976495L, 
1378724214L, 79876768L, 1896791907L, -1155607551L, 217931632L, 
1602279182L, -609513095L, 1739793675L, 2055664780L, 475964444L, 
-1845317486L, 1651139712L, 1719958548L, -1563511000L, -534452166L, 
-813090608L, 926464108L, -1215271244L, -1307857902L, -1595132960L, 
383763404L, 931176928L, 127141922L, -1397250776L, 1756991756L, 
198427196L, -7235342L, 1433296112L, -1227851964L, -1186726824L, 
818665018L, -1617186576L, 2076735164L, 665629204L, 1944108226L, 
-1893750176L, -437698180L, -722105136L, 1231013922L, 627537064L, 
-1220812404L, -1717554756L, -1902875598L, 1168521024L, -1340951884L, 
-1775108792L, 371054266L, 1120617232L, -1574668052L, 847187028L, 
1267510034L, 1351814560L, 521811916L, -225168544L, 131284162L, 
1109336616L, 760102316L, 1737182012L, -1196998798L, 1977147184L, 
-221969372L, -2134523336L, -806983974L, -1474346096L, -10217220L, 
878985620L, -1298365630L, 656521728L, 501761084L, 707291728L, 
1040630946L, 323090248L, 1876991500L, 1723457244L, 984809554L, 
921002112L, 1396382548L, -1468161048L, 785449722L, -29368496L, 
2095792172L, 1748930932L, 1106686610L, -361086368L, 958055564L, 
2030269792L, -1399346974L, -1745715032L, 2061470412L, 1086711292L, 
1023336370L, -1511049232L, -383302204L, -534750888L, 1632138618L, 
1642153392L, -969283140L, -2147354028L, -522228286L, 269892384L, 
641657788L, -503380912L, -1069228062L, -868859032L, 1889535820L, 
926169852L, 81697522L, 803467520L, -859171724L, 1126726152L, 
-1013790278L, 39483856L, -746288148L, -1431124076L, 1148996818L, 
1121650784L, 933503308L, 1618896672L, 231025282L, 980117992L, 
-1033038868L, 2045738556L, -614442382L, 1696391024L, 513798436L, 
-1073107400L, -1188635238L, -1440139824L, 1105252796L, 937575060L, 
857872002L, 657756608L, 474898236L, -737413488L, -80727262L, 
-318134776L, -1998751988L, -1956874340L, -209256430L, -1709251712L, 
-123470060L, -1286125272L, -23977926L, -2013751344L, 31738476L, 
-1477080012L, -1395297134L, -1018970784L, -600616628L, -991483424L, 
-869556318L, 1927933864L, -40176500L, 680154044L, 775567474L, 
-1841179664L, -497762236L, 62075992L, -1497018310L, -73097104L, 
640045628L, -6669548L, 2032656066L, -1539711264L, -1525525380L, 
1528283344L, 1432753058L, -529919448L, 2095424780L, 194608060L, 
-973241038L, 241011904L, 432700980L, 936589000L, 1262950074L, 
-2016067440L, -1366131988L, -1538594220L, -170381678L, 1107204896L, 
172321740L, -18105120L, 1984654018L, 909631528L, 1568148396L, 
-2117502276L, -23271950L, 2039432752L, 149090212L, 1714832824L, 
462004058L, 306747536L, -1127928964L, -773332204L, 1904107842L, 
1938555648L, 938815420L, -104402096L, -1100745438L, 1413193288L, 
1520658444L, 939544668L, -1244005934L, -1048036864L, -1541365420L, 
441885928L, 630873338L, 136632016L, 1230310700L, -1425397516L, 
-70126190L, -1799939744L, -1931003892L, 1411907296L, -321439134L, 
-1354064216L, 66770508L, -1850688644L, -539069134L, -1562427792L, 
1488567108L, -1827941416L, 1075879802L, -1946570192L, -1210856516L, 
80372308L, 354536514L, -1810835296L, 1025524412L, -2082677296L, 
-1236773022L, -2086415640L, 1593042124L, 1946185212L, 1884035570L, 
-1980023754L, 868922580L, 1681496165L, 559481455L, -1394713432L, 
-669476346L, 332913459L, -1149644907L, -151417870L, -270958528L, 
1212785065L, -349147109L, -1123656212L, 1214627322L, -1235064273L, 
-81680839L, -1243058098L, 1570445468L, 1082661389L, 404690551L, 
1624264320L, -1197191970L, -1832497237L, -267247443L, -1088776934L, 
1982280152L, -857871807L, -1289289485L, 2021457684L, -1362225502L, 
-1823273033L, 1049344897L, 477931910L, -1960662076L, 1501107957L, 
653828959L, 494611896L, -2027588458L, -1924805981L, 586001509L, 
1407678850L, 1185661680L, -1190144359L, 1428568715L, -83371140L, 
-290972246L, -947898913L, 1924793193L, -1939184770L, 362126188L, 
1648324541L, 598482055L, 115716208L, -182977778L, 698046523L, 
-1081747683L, 848147914L, 819400424L, 1167049169L, 1859834819L, 
-1466602300L, 19149682L, -1786614201L, 1652657681L, -1605656682L, 
81994484L, -26590075L, 1214790095L, -734319416L, -1433690778L, 
-1456275565L, -47570699L, -203560750L, 1730811680L, -60041463L, 
-680624069L, -1714735732L, 1681058842L, 190972047L, -195897383L, 
-527370130L, 1192328188L, -1967199891L, -1274092777L, 1856094944L, 
-929677122L, -1958105461L, 1707865357L, 785873210L, -985396872L, 
1079978785L, 763165651L, -468876556L, -747738238L, 1236949527L, 
-2026866463L, -920381914L, 1639780132L, -1532870699L, 317212543L, 
619065880L, 261042486L, 1990008771L, 1250975237L, 1060146594L, 
-1186475632L, -1643108039L, 689827307L, -472625444L, 739195658L, 
-2142013953L, 1064881225L, 1856007646L, 1345928588L, 668780893L, 
504930663L, -1132436848L, -1581843282L, 1876077915L, -915615427L, 
-395494486L, 214772808L, -699247503L, 1684414947L, -921879324L, 
-1854068718L, 633752551L, -230444111L, 921898486L, -685428716L, 
398958373L, -147109841L, 1564086760L, -1291524410L, 360343411L, 
-440926251L, -250644558L, -2120748672L, 254347625L, -220979749L, 
258725164L, -1925161158L, 668865007L, 493020281L, 1230067470L, 
134583004L, -1770180275L, -1586926409L, 868398656L, 1034606366L, 
